 0.13108953813705465D+06
 0.13667964233817453D+07
 0.17439718115505716D+07
 0.15266617072085289D+07
 0.21420793772054925D+07
 0.33514912373707106D+06
 0.12912243589778247D+07
 0.11587608417556884D+07
 0.48514560534000106D+05
 0.17284564411301300D+06
 0.20156694391313040D+00
 0.42568732849110491D+00
 0.64809499962460848D+00
 0.47405220618724675D+00
 0.60734926094638952D+00
 0.20155975188613803D+00
 0.39377829335736758D+00
 0.44410472064075313D+00
 0.99583390249825751D-02
 0.83062040636837781D-01
 0.14926065697706183D+04
 0.33676567476472741D+03
 0.53675053264961008D+02
 0.54547841479619322D+02
 0.14622575044389745D+02
 0.10577247321446531D+03
 0.40064340395106001D+03
 0.84567401091969685D+02
 0.14049773954459457D+00
 0.11972010754171931D-01
 0.36635291856017105D-01
 0.22569424958546209D-01
 0.22803815291643943D-01
 0.39650604644580194D-01
 0.21951598682804087D-01
 0.25647525559790781D-01
