 0.26891187686456651D-03
 0.24197482267349756D-02
 0.22216729425268305D-02
 0.22450961719602215D-02
 0.11346841460056201D-02
 0.15789071757835488D-02
 0.91495275531059772D-03
 0.91769168055699443D-03
 0.65732444036568157D-03
 0.66249925095877556D-03
 0.40297457242674452D-03
 0.10223353032834809D-02
 0.12282726064027894D-02
 0.82802513556466326D-03
 0.49485738954248249D-03
 0.62352388237375681D-03
 0.30673363116619771D-03
 0.31184513619258780D-03
 0.17208239073114272D-03
 0.17649875163047455D-03
 0.12591147990425536D-06
 0.82593902483381394D-06
 0.15993992991141473D-06
 0.12996591770308142D-08
 0.14645162104452208D-06
 0.80648902986787307D-06
 0.17824218015344929D-06
 0.10417347868779062D-08
 0.11662642005989631D-03
 0.16675229888571914D-03
 0.12214825730007912D-03
 0.27393743104273252D-03
 0.19191119158648307D-03
 0.40047134346650470D-03
 0.66725569488692993D-05
 0.11215953688751041D-06
