 0.00000000000000000D+00  0.00000000000000000D+00  0.00000000000000000D+00  0.00000000000000000D+00  0.00000000000000000D+00  0.00000000000000000D+00  0.00000000000000000D+00  0.00000000000000000D+00  0.00000000000000000D+00  0.00000000000000000D+00  0.00000000000000000D+00  0.00000000000000000D+00  0.00000000000000000D+00  0.00000000000000000D+00  0.00000000000000000D+00  0.00000000000000000D+00
 0.00000000000000000D+00  0.00000000000000000D+00  0.00000000000000000D+00  0.00000000000000000D+00  0.00000000000000000D+00  0.00000000000000000D+00  0.00000000000000000D+00  0.00000000000000000D+00  0.00000000000000000D+00  0.00000000000000000D+00  0.00000000000000000D+00  0.00000000000000000D+00  0.00000000000000000D+00  0.00000000000000000D+00  0.00000000000000000D+00  0.00000000000000000D+00
 0.00000000000000000D+00  0.00000000000000000D+00  0.00000000000000000D+00  0.00000000000000000D+00  0.00000000000000000D+00  0.00000000000000000D+00  0.00000000000000000D+00  0.00000000000000000D+00  0.00000000000000000D+00  0.00000000000000000D+00  0.00000000000000000D+00  0.00000000000000000D+00  0.00000000000000000D+00  0.00000000000000000D+00  0.00000000000000000D+00  0.00000000000000000D+00
 0.00000000000000000D+00  0.00000000000000000D+00  0.00000000000000000D+00  0.00000000000000000D+00  0.00000000000000000D+00  0.00000000000000000D+00  0.00000000000000000D+00  0.00000000000000000D+00  0.00000000000000000D+00  0.00000000000000000D+00  0.00000000000000000D+00  0.00000000000000000D+00  0.00000000000000000D+00  0.00000000000000000D+00  0.00000000000000000D+00  0.00000000000000000D+00
 0.00000000000000000D+00  0.00000000000000000D+00  0.00000000000000000D+00  0.00000000000000000D+00  0.00000000000000000D+00  0.00000000000000000D+00  0.00000000000000000D+00  0.00000000000000000D+00  0.00000000000000000D+00  0.00000000000000000D+00  0.00000000000000000D+00  0.00000000000000000D+00  0.00000000000000000D+00  0.00000000000000000D+00  0.00000000000000000D+00  0.00000000000000000D+00
 0.00000000000000000D+00  0.00000000000000000D+00  0.00000000000000000D+00  0.00000000000000000D+00  0.00000000000000000D+00  0.00000000000000000D+00  0.00000000000000000D+00  0.00000000000000000D+00  0.00000000000000000D+00  0.00000000000000000D+00  0.00000000000000000D+00  0.00000000000000000D+00  0.00000000000000000D+00  0.00000000000000000D+00  0.00000000000000000D+00  0.00000000000000000D+00
 0.00000000000000000D+00  0.00000000000000000D+00  0.00000000000000000D+00  0.00000000000000000D+00  0.00000000000000000D+00  0.00000000000000000D+00  0.00000000000000000D+00  0.00000000000000000D+00  0.00000000000000000D+00  0.00000000000000000D+00  0.00000000000000000D+00  0.00000000000000000D+00  0.00000000000000000D+00  0.00000000000000000D+00  0.00000000000000000D+00  0.00000000000000000D+00
 0.00000000000000000D+00  0.00000000000000000D+00  0.00000000000000000D+00  0.00000000000000000D+00  0.00000000000000000D+00  0.00000000000000000D+00  0.00000000000000000D+00  0.00000000000000000D+00  0.00000000000000000D+00  0.00000000000000000D+00  0.00000000000000000D+00  0.00000000000000000D+00  0.00000000000000000D+00  0.00000000000000000D+00  0.00000000000000000D+00  0.00000000000000000D+00
 0.00000000000000000D+00  0.00000000000000000D+00  0.00000000000000000D+00  0.00000000000000000D+00  0.00000000000000000D+00  0.00000000000000000D+00  0.00000000000000000D+00  0.00000000000000000D+00  0.00000000000000000D+00  0.00000000000000000D+00  0.00000000000000000D+00  0.00000000000000000D+00  0.00000000000000000D+00  0.00000000000000000D+00  0.00000000000000000D+00  0.00000000000000000D+00
 0.00000000000000000D+00  0.00000000000000000D+00  0.00000000000000000D+00  0.00000000000000000D+00  0.00000000000000000D+00  0.00000000000000000D+00  0.00000000000000000D+00  0.00000000000000000D+00  0.00000000000000000D+00  0.00000000000000000D+00  0.00000000000000000D+00  0.00000000000000000D+00  0.00000000000000000D+00  0.00000000000000000D+00  0.00000000000000000D+00  0.00000000000000000D+00
 0.00000000000000000D+00  0.00000000000000000D+00  0.00000000000000000D+00  0.00000000000000000D+00  0.00000000000000000D+00  0.00000000000000000D+00  0.00000000000000000D+00  0.00000000000000000D+00  0.00000000000000000D+00  0.00000000000000000D+00  0.00000000000000000D+00  0.00000000000000000D+00  0.00000000000000000D+00  0.00000000000000000D+00  0.00000000000000000D+00  0.00000000000000000D+00
 0.00000000000000000D+00  0.00000000000000000D+00  0.00000000000000000D+00  0.00000000000000000D+00  0.00000000000000000D+00  0.00000000000000000D+00  0.00000000000000000D+00  0.00000000000000000D+00  0.00000000000000000D+00  0.00000000000000000D+00  0.00000000000000000D+00  0.00000000000000000D+00  0.00000000000000000D+00  0.00000000000000000D+00  0.00000000000000000D+00  0.00000000000000000D+00
 0.00000000000000000D+00  0.00000000000000000D+00  0.00000000000000000D+00  0.00000000000000000D+00  0.00000000000000000D+00  0.00000000000000000D+00  0.00000000000000000D+00  0.00000000000000000D+00  0.00000000000000000D+00  0.00000000000000000D+00  0.00000000000000000D+00  0.00000000000000000D+00  0.00000000000000000D+00  0.00000000000000000D+00  0.00000000000000000D+00  0.00000000000000000D+00
 0.00000000000000000D+00  0.00000000000000000D+00  0.00000000000000000D+00  0.00000000000000000D+00  0.00000000000000000D+00  0.00000000000000000D+00  0.00000000000000000D+00  0.00000000000000000D+00  0.00000000000000000D+00  0.00000000000000000D+00  0.00000000000000000D+00  0.00000000000000000D+00  0.00000000000000000D+00  0.00000000000000000D+00  0.00000000000000000D+00  0.00000000000000000D+00
 0.00000000000000000D+00  0.00000000000000000D+00  0.00000000000000000D+00  0.00000000000000000D+00  0.00000000000000000D+00  0.00000000000000000D+00  0.00000000000000000D+00  0.00000000000000000D+00  0.00000000000000000D+00  0.00000000000000000D+00  0.00000000000000000D+00  0.00000000000000000D+00  0.00000000000000000D+00  0.00000000000000000D+00  0.00000000000000000D+00  0.00000000000000000D+00
 0.00000000000000000D+00  0.00000000000000000D+00  0.00000000000000000D+00  0.00000000000000000D+00  0.00000000000000000D+00  0.00000000000000000D+00  0.00000000000000000D+00  0.00000000000000000D+00  0.00000000000000000D+00  0.00000000000000000D+00  0.00000000000000000D+00  0.00000000000000000D+00  0.00000000000000000D+00  0.00000000000000000D+00  0.00000000000000000D+00  0.00000000000000000D+00
 0.00000000000000000D+00  0.00000000000000000D+00  0.00000000000000000D+00  0.00000000000000000D+00  0.00000000000000000D+00  0.00000000000000000D+00  0.00000000000000000D+00  0.00000000000000000D+00  0.00000000000000000D+00  0.00000000000000000D+00  0.00000000000000000D+00  0.00000000000000000D+00  0.00000000000000000D+00  0.00000000000000000D+00  0.00000000000000000D+00  0.00000000000000000D+00
 0.00000000000000000D+00  0.00000000000000000D+00  0.00000000000000000D+00  0.00000000000000000D+00  0.00000000000000000D+00  0.00000000000000000D+00  0.00000000000000000D+00  0.00000000000000000D+00  0.00000000000000000D+00  0.00000000000000000D+00  0.00000000000000000D+00  0.00000000000000000D+00  0.00000000000000000D+00  0.00000000000000000D+00  0.00000000000000000D+00  0.00000000000000000D+00
 0.00000000000000000D+00  0.00000000000000000D+00  0.00000000000000000D+00  0.00000000000000000D+00  0.00000000000000000D+00  0.00000000000000000D+00  0.00000000000000000D+00  0.00000000000000000D+00  0.00000000000000000D+00  0.00000000000000000D+00  0.00000000000000000D+00  0.00000000000000000D+00  0.00000000000000000D+00  0.00000000000000000D+00  0.00000000000000000D+00  0.00000000000000000D+00
 0.00000000000000000D+00  0.00000000000000000D+00  0.00000000000000000D+00  0.00000000000000000D+00  0.00000000000000000D+00  0.00000000000000000D+00  0.00000000000000000D+00  0.00000000000000000D+00  0.00000000000000000D+00  0.00000000000000000D+00  0.00000000000000000D+00  0.00000000000000000D+00  0.00000000000000000D+00  0.00000000000000000D+00  0.00000000000000000D+00  0.00000000000000000D+00
 0.35159386138627905D+09  0.35159386138627917D+09  0.30730430304728287D+09  0.49722880721960211D+09  0.49722880721960223D+09  0.21729695657254133D+09  0.35159386138628095D+09  0.35159386138628101D+09  0.00000000000000000D+00  0.00000000000000000D+00  0.00000000000000000D+00  0.00000000000000000D+00  0.00000000000000000D+00  0.00000000000000000D+00  0.00000000000000000D+00  0.00000000000000000D+00
 0.49722880721960211D+09  0.49722880721960223D+09 -0.21458944788715666D-05 -0.34721302030849410D-05 -0.34721302030849419D-05 -0.30730430304728389D+09 -0.49722880721960211D+09 -0.49722880721960223D+09  0.00000000000000000D+00  0.00000000000000000D+00  0.00000000000000000D+00  0.00000000000000000D+00  0.00000000000000000D+00  0.00000000000000000D+00  0.00000000000000000D+00  0.00000000000000000D+00
 0.35159386138627958D+09  0.35159386138627958D+09 -0.30730430304728287D+09 -0.49722880721960211D+09 -0.49722880721960223D+09  0.21729695657253695D+09  0.35159386138627380D+09  0.35159386138627392D+09  0.00000000000000000D+00  0.00000000000000000D+00  0.00000000000000000D+00  0.00000000000000000D+00  0.00000000000000000D+00  0.00000000000000000D+00  0.00000000000000000D+00  0.00000000000000000D+00
 0.72333481105906084D-06  0.72333481105906095D-06  0.42917889577431331D-05  0.69442604061698821D-05  0.69442604061698838D-05  0.61176048747741892D-05  0.98984926171266602D-05  0.98984926171266602D-05  0.00000000000000000D+00  0.00000000000000000D+00  0.00000000000000000D+00  0.00000000000000000D+00  0.00000000000000000D+00  0.00000000000000000D+00  0.00000000000000000D+00  0.00000000000000000D+00
 0.21729695657253793D+09 -0.21729695657253745D+09  0.49722880721960163D+09  0.30730430304728073D+09 -0.30730430304728001D+09 -0.35159386138628113D+09  0.21729695657253909D+09 -0.21729695657253861D+09  0.00000000000000000D+00  0.00000000000000000D+00  0.00000000000000000D+00  0.00000000000000000D+00  0.00000000000000000D+00  0.00000000000000000D+00  0.00000000000000000D+00  0.00000000000000000D+00
 0.30730430304728073D+09 -0.30730430304728001D+09 -0.34721302030849377D-05 -0.21458944788715513D-05  0.21458944788715467D-05  0.49722880721960241D+09 -0.30730430304728073D+09  0.30730430304728001D+09  0.00000000000000000D+00  0.00000000000000000D+00  0.00000000000000000D+00  0.00000000000000000D+00  0.00000000000000000D+00  0.00000000000000000D+00  0.00000000000000000D+00  0.00000000000000000D+00
 0.21729695657253823D+09 -0.21729695657253775D+09 -0.49722880721960163D+09 -0.30730430304728073D+09  0.30730430304728001D+09 -0.35159386138627404D+09  0.21729695657253468D+09 -0.21729695657253420D+09  0.00000000000000000D+00  0.00000000000000000D+00  0.00000000000000000D+00  0.00000000000000000D+00  0.00000000000000000D+00  0.00000000000000000D+00  0.00000000000000000D+00  0.00000000000000000D+00
 0.44704549848047933D-06 -0.44704549848047832D-06  0.69442604061698753D-05  0.42917889577431026D-05 -0.42917889577430933D-05 -0.98984926171266636D-05  0.61176048747741256D-05 -0.61176048747741121D-05  0.00000000000000000D+00  0.00000000000000000D+00  0.00000000000000000D+00  0.00000000000000000D+00  0.00000000000000000D+00  0.00000000000000000D+00  0.00000000000000000D+00  0.00000000000000000D+00
 0.00000000000000000D+00  0.00000000000000000D+00  0.00000000000000000D+00  0.00000000000000000D+00  0.00000000000000000D+00  0.00000000000000000D+00  0.00000000000000000D+00  0.00000000000000000D+00  0.12642678221276655D+03  0.12642678221276660D+03  0.11050105949296027D+03  0.17879447005248412D+03  0.17879447005248414D+03  0.78136048495770964D+02  0.12642678221276724D+03  0.12642678221276726D+03
 0.00000000000000000D+00  0.00000000000000000D+00  0.00000000000000000D+00  0.00000000000000000D+00  0.00000000000000000D+00  0.00000000000000000D+00  0.00000000000000000D+00  0.00000000000000000D+00  0.17879447005248412D+03  0.17879447005248414D+03 -0.77162477428413125D-12 -0.12485151113531914D-11 -0.12485151113531919D-11 -0.11050105949296064D+03 -0.17879447005248412D+03 -0.17879447005248414D+03
 0.00000000000000000D+00  0.00000000000000000D+00  0.00000000000000000D+00  0.00000000000000000D+00  0.00000000000000000D+00  0.00000000000000000D+00  0.00000000000000000D+00  0.00000000000000000D+00  0.12642678221276674D+03  0.12642678221276675D+03 -0.11050105949296027D+03 -0.17879447005248412D+03 -0.17879447005248414D+03  0.78136048495769387D+02  0.12642678221276466D+03  0.12642678221276471D+03
 0.00000000000000000D+00  0.00000000000000000D+00  0.00000000000000000D+00  0.00000000000000000D+00  0.00000000000000000D+00  0.00000000000000000D+00  0.00000000000000000D+00  0.00000000000000000D+00  0.26009809233900727D-12  0.26009809233900732D-12  0.15432495485682625D-11  0.24970302227063829D-11  0.24970302227063837D-11  0.21997798713473741D-11  0.35593185996079142D-11  0.35593185996079146D-11
 0.00000000000000000D+00  0.00000000000000000D+00  0.00000000000000000D+00  0.00000000000000000D+00  0.00000000000000000D+00  0.00000000000000000D+00  0.00000000000000000D+00  0.00000000000000000D+00  0.78136048495769742D+02 -0.78136048495769572D+02  0.17879447005248394D+03  0.11050105949295948D+03 -0.11050105949295924D+03 -0.12642678221276729D+03  0.78136048495770169D+02 -0.78136048495769984D+02
 0.00000000000000000D+00  0.00000000000000000D+00  0.00000000000000000D+00  0.00000000000000000D+00  0.00000000000000000D+00  0.00000000000000000D+00  0.00000000000000000D+00  0.00000000000000000D+00  0.11050105949295948D+03 -0.11050105949295924D+03 -0.12485151113531902D-11 -0.77162477428412580D-12  0.77162477428412418D-12  0.17879447005248423D+03 -0.11050105949295948D+03  0.11050105949295924D+03
 0.00000000000000000D+00  0.00000000000000000D+00  0.00000000000000000D+00  0.00000000000000000D+00  0.00000000000000000D+00  0.00000000000000000D+00  0.00000000000000000D+00  0.00000000000000000D+00  0.78136048495769856D+02 -0.78136048495769671D+02 -0.17879447005248394D+03 -0.11050105949295948D+03  0.11050105949295924D+03 -0.12642678221276475D+03  0.78136048495768577D+02 -0.78136048495768406D+02
 0.00000000000000000D+00  0.00000000000000000D+00  0.00000000000000000D+00  0.00000000000000000D+00  0.00000000000000000D+00  0.00000000000000000D+00  0.00000000000000000D+00  0.00000000000000000D+00  0.16074946147451383D-12 -0.16074946147451348D-12  0.24970302227063805D-11  0.15432495485682516D-11 -0.15432495485682484D-11 -0.35593185996079158D-11  0.21997798713473514D-11 -0.21997798713473462D-11
