 0.12694947105303695D+07
 0.10802697459022496D+07
 0.11604548695017234D+07
 0.15250988289751485D+07
 0.16181429468492297D+07
 0.11462183380680080D+07
 0.14889109081496475D+07
 0.16532350415606024D+07
 0.12610876869090155D+07
 0.10903327280477469D+07
 0.37084804254852122D+00
 0.34458659256438395D+00
 0.35439985294642518D+00
 0.51077753591749986D+00
 0.46276805102715629D+00
 0.36562850398679581D+00
 0.50350612327153488D+00
 0.46269943492856563D+00
 0.36148557668038683D+00
 0.35394544584020338D+00
 0.86743040539923314D+02
 0.10903886723856745D+03
 0.15556005642399381D+03
 0.16267358621974481D+03
 0.58575475503227189D+02
 0.71205444518889124D+02
 0.99657098740229003D+02
 0.46176159365786603D+02
 0.50088083250343453D-01
 0.42688903695830879D-01
 0.37509617234447491D-01
 0.31028125008799937D-01
 0.54382944091901912D-01
 0.65350377221400482D-01
 0.47233719534481890D-01
 0.45934866338750893D-01
