 0.26940733664704649D-03
 0.24407384285518117D-02
 0.23276893298650211D-02
 0.22692416237239102D-02
 0.10073954150863552D-02
 0.16500015068225318D-02
 0.89675314010689605D-03
 0.84904518202141605D-03
 0.64305695025658005D-03
 0.60853589859582828D-03
 0.38296211685701482D-03
 0.10435914069830293D-02
 0.12657937081487632D-02
 0.84801564448729765D-03
 0.52518643162139170D-03
 0.63018617923466902D-03
 0.28800227467188548D-03
 0.30446741468181015D-03
 0.15432343899706466D-03
 0.17139362099143207D-03
 0.10490643246417898D-07
 0.67775452928739342D-07
 0.36097597320991199D-07
 0.31453004035168630D-09
 0.40925103038317091D-07
 0.13885357723177038D-06
 0.37240013018988675D-08
 0.57144504563877552D-09
 0.79767561983957780D-04
 0.11757361126210550D-03
 0.87374238228071134D-04
 0.51142178713508950D-04
 0.13884599292739768D-03
 0.43956619782186134D-03
 0.70825967108705549D-06
 0.24926460598873478D-07
