 0.27729223416497149D-03
 0.24018154338713506D-02
 0.22068607839059321D-02
 0.22511015797260455D-02
 0.11424611972060421D-02
 0.15944669793530554D-02
 0.92226424113789503D-03
 0.91657250830825187D-03
 0.65630960960137447D-03
 0.65265967246308097D-03
 0.41184671361896627D-03
 0.10243210242937904D-02
 0.12247727089962053D-02
 0.82882305505318327D-03
 0.50674003491413331D-03
 0.62192807473462387D-03
 0.30941181011685717D-03
 0.30995825680299406D-03
 0.17202338519061976D-03
 0.17457226288450316D-03
 0.51265939874848275D-06
 0.11637414284788863D-05
 0.44310347648524617D-06
 0.41984390739012572D-08
 0.51555470423816830D-06
 0.11974424725501789D-05
 0.45059423014241192D-06
 0.40971023604778114D-08
 0.15407554125431970D-03
 0.20802352469026332D-03
 0.15473101547852395D-03
 0.41183713594296242D-03
 0.23211766379239749D-03
 0.39846869758800707D-03
 0.26810852896698571D-04
 0.40883691157937347D-06
