  5.075292165029968E-002
 -4.575064759926191E-003
  5.572302594952983E-003
  2.918902215445980E-002
 -1.359515056528473E-002
 -1.779640365797286E-003
 -8.085102431269324E-003
  5.032442861179676E-003
  2.995964463554045E-003
  6.693366908827591E-003
  5.890680307074234E-002
  1.845404294091459E-003
 -6.978358971803755E-004
  6.733668807369681E-003
 -1.165177673555413E-002
  3.864862420602855E-003
 -2.093588268659284E-003
  1.476825502251781E-004
  8.254033522716020E-004
  1.303069634852611E-003
  8.756850823481084E-007
  3.047876229180113E-005
 -4.002825359533063E-007
  1.417006856341330E-008
 -3.627149111666209E-007
 -1.166795541148574E-006
 -7.005298238507628E-007
  1.918961398369549E-009
 -9.328615539947528E-004
  0.186715459643878     
  6.143668098795095E-004
  7.098328622450184E-002
  1.157514128961702E-003
 -1.428441675093799E-003
  3.904932336536441E-005
  3.669649964751642E-007
